247 452
249 427
252 479
252 419
-
249 427
252 419
247 452
265 401
-
250 386
266 399
265 401
252 419
-
250 489
252 479
268 483
285 497
-
250 532
262 540
250 489
295 526
-
252 419
249 427
265 401
266 399
-
252 479
250 489
268 483
247 452
-
260 352
266 356
265 341
273 345
-
262 540
250 532
295 526
307 530
-
265 341
273 345
260 352
266 356
-
265 401
266 399
250 386
252 419
-
266 356
260 352
273 345
265 341
-
266 399
265 401
250 386
252 419
-
268 483
252 479
250 489
285 497
-
273 345
265 341
266 356
260 352
-
285 497
301 488
268 483
299 479
-
289 355
296 358
289 364
299 358
-
289 364
289 355
296 358
299 358
-
295 526
307 530
285 497
-
296 358
299 358
289 355
289 364
-
296 440
312 450
315 448
315 431
-
297 396
302 402
312 395
-
299 358
296 358
289 355
289 364
-
299 479
301 488
308 497
-
301 488
299 479
308 497
308 476
-
302 402
297 396
312 395
319 422
-
303 369
299 358
296 358
289 364
-
307 530
295 526
330 528
-
308 476
301 488
323 486
-
308 497
301 488
323 486
299 479
-
312 395
302 402
297 396
-
312 450
315 448
327 444
326 461
-
313 354
299 358
296 358
303 369
-
315 431
319 422
315 448
327 444
-
315 448
312 450
327 444
315 431
-
319 422
315 431
329 418
327 444
-
323 486
334 473
308 476
308 497
-
326 461
332 459
331 465
331 454
-
327 444
331 454
315 448
332 459
-
329 418
319 422
315 431
352 412
-
330 528
307 530
351 508
295 526
-
331 454
332 459
326 461
327 444
-
331 465
332 459
326 461
334 473
-
332 459
331 454
331 465
326 461
-
334 473
331 465
332 459
348 470
-
335 371
346 359
313 354
303 369
-
346 359
335 371
356 344
370 349
-
348 470
334 473
331 465
-
351 508
366 512
372 518
378 511
-
352 405
352 412
329 418
319 422
-
352 412
352 405
329 418
319 422
-
355 449
358 452
359 446
357 459
-
356 344
370 349
346 359
335 371
-
357 459
358 452
355 449
359 446
-
358 452
355 449
359 446
357 459
-
359 446
355 449
358 452
357 459
-
366 480
382 479
-
366 512
372 518
378 511
351 508
-
370 349
356 344
346 359
392 365
-
372 518
366 512
378 511
383 505
-
378 511
383 505
372 518
366 512
-
382 479
366 480
407 475
-
383 505
378 511
372 518
366 512
-
389 454
390 448
403 443
400 433
-
389 540
406 529
372 518
420 539
-
390 412
400 408
400 433
397 381
-
390 448
389 454
403 443
400 433
-
392 365
406 359
404 375
397 381
-
397 381
404 375
409 386
392 365
-
400 408
390 412
420 398
409 386
-
400 433
403 443
416 436
390 448
-
403 443
400 433
414 449
390 448
-
404 375
397 381
409 386
392 365
-
404 505
405 508
406 529
-
405 508
404 505
406 529
-
406 359
392 365
404 375
422 353
-
406 529
420 539
389 540
405 508
-
407 475
417 475
414 463
428 462
-
409 386
404 375
397 381
420 398
-
414 449
403 443
416 436
414 463
-
414 463
417 475
407 475
414 449
-
416 436
414 449
403 443
426 425
-
417 475
407 475
414 463
428 462
-
420 398
409 386
400 408
425 421
-
420 539
406 529
447 527
389 540
-
422 353
436 346
406 359
404 375
-
425 421
426 425
430 429
416 436
-
426 425
425 421
430 429
416 436
-
428 462
438 456
414 463
417 475
-
430 429
426 425
425 421
416 436
-
436 346
422 353
406 359
404 375
-
437 502
444 487
456 485
447 527
-
438 456
428 462
414 449
414 463
-
444 487
456 485
437 502
417 475
-
447 527
462 533
437 502
420 539
-
456 485
444 487
474 499
479 476
-
461 439
482 440
482 461
-
462 533
447 527
481 527
-
469 397
472 399
476 406
473 382
-
472 399
469 397
476 406
482 387
-
473 382
482 387
483 372
469 397
-
474 499
479 503
456 485
491 483
-
476 406
472 399
469 397
482 387
-
479 476
484 477
482 466
491 483
-
479 503
474 499
491 483
-
481 527
462 533
504 527
-
482 363
483 372
491 375
498 362
-
482 387
473 382
491 375
483 372
-
482 440
482 461
461 439
482 466
-
482 461
482 466
479 476
484 477
-
482 466
482 461
479 476
484 477
-
483 372
491 375
482 363
473 382
-
484 477
479 476
491 483
482 466
-
491 375
483 372
498 362
482 387
-
491 483
484 477
502 479
504 482
-
498 362
507 361
491 375
482 363
-
502 412
506 412
508 417
508 421
-
502 479
504 482
512 480
491 483
-
504 482
502 479
512 480
491 483
-
504 527
481 527
505 500
535 539
-
505 500
504 482
512 480
502 479
-
506 412
502 412
508 417
512 419
-
507 361
498 362
491 375
482 363
-
508 417
508 421
512 419
506 412
-
508 421
508 417
512 419
506 412
-
511 460
516 452
524 457
516 473
-
512 419
508 421
508 417
506 412
-
512 480
516 473
504 482
502 479
-
516 452
524 457
511 460
516 473
-
516 473
512 480
511 460
504 482
-
524 457
516 452
511 460
516 473
-
530 426
538 427
539 432
512 419
-
534 385
544 379
551 387
540 403
-
535 359
544 379
534 385
507 361
-
535 492
549 495
549 498
512 480
-
535 539
543 527
553 532
554 522
-
538 427
539 432
530 426
540 403
-
539 432
538 427
530 426
563 425
-
540 403
546 403
534 385
551 387
-
543 527
553 532
550 518
548 516
-
544 379
551 387
534 385
535 359
-
546 403
540 403
551 387
534 385
-
548 516
550 518
554 522
543 527
-
549 495
549 498
535 492
561 506
-
549 498
549 495
561 506
535 492
-
550 518
548 516
554 522
543 527
-
551 387
544 379
546 403
534 385
-
551 471
559 475
569 456
549 495
-
553 532
554 522
560 524
543 527
-
554 522
550 518
560 524
548 516
-
559 475
551 471
569 456
549 495
-
560 524
554 522
553 532
550 518
-
561 506
562 506
549 498
549 495
-
562 506
561 506
549 498
550 518
-
563 425
572 421
566 435
563 439
-
563 439
566 435
563 425
569 456
-
566 435
563 439
563 425
572 421
-
569 456
563 439
566 435
559 475
-
571 391
586 396
551 387
589 376
-
572 421
563 425
566 435
563 439
-
577 361
592 359
589 376
597 361
-
585 341
596 344
592 359
577 361
-
586 396
571 391
589 376
609 392
-
589 376
597 361
592 359
577 361
-
590 463
606 477
569 456
613 467
-
592 359
597 361
577 361
596 344
-
592 497
611 493
606 477
619 499
-
596 344
585 341
592 359
612 341
-
597 361
592 359
589 376
614 362
-
597 425
610 430
622 424
572 421
-
606 477
613 467
617 466
611 493
-
609 392
625 404
586 396
589 376
-
610 430
622 424
597 425
625 404
-
611 493
619 499
625 485
606 477
-
612 341
596 344
614 362
597 361
-
613 467
617 466
606 477
625 485
-
614 362
597 361
612 341
592 359
-
617 466
613 467
606 477
625 485
-
619 499
611 493
629 489
625 485
-
622 424
610 430
625 404
597 425
-
625 404
640 405
609 392
645 405
-
625 485
629 489
619 499
611 493
-
629 489
625 485
619 499
611 493
-
640 405
645 405
648 404
625 404
-
643 353
644 343
649 342
648 379
-
644 343
649 342
643 353
612 341
-
645 405
648 404
640 405
656 396
-
645 434
660 420
664 425
622 424
-
645 465
648 465
668 477
658 488
-
648 379
648 386
649 391
656 396
-
648 386
649 391
648 379
656 396
-
648 404
645 405
640 405
656 396
-
648 465
645 465
668 477
658 488
-
649 342
644 343
643 353
612 341
-
649 391
648 386
656 396
648 379
-
656 396
649 391
648 404
648 386
-
658 488
668 477
648 465
645 465
-
660 420
664 425
648 404
645 434
-
664 425
660 420
645 434
648 404
-
668 477
658 488
648 465
645 465
-
670 381
674 399
656 396
648 379
-
674 399
656 396
670 381
660 420
-
660 420
-
